name: translation-seq2seq
channels:
  - defaults
dependencies:
  - blas=1.0=mkl
  - bottleneck=1.4.2=py312h4b0e54e_0
  - brotli-python=1.0.9=py312h5da7b33_9
  - bzip2=1.0.8=h2bbff1b_6
  - ca-certificates=2025.7.15=haa95532_0
  - colorama=0.4.6=py312haa95532_0
  - contourpy=1.3.1=py312h214f63a_0
  - cycler=0.11.0=pyhd3eb1b0_0
  - expat=2.7.1=h8ddb27b_0
  - fonttools=4.55.3=py312h827c3e9_0
  - freetype=2.13.3=h0620614_0
  - icu=73.1=h6c2663c_0
  - intel-openmp=2023.1.0=h59b6b97_46320
  - jpeg=9e=h827c3e9_3
  - kiwisolver=1.4.8=py312h5da7b33_0
  - lcms2=2.16=hb4a4139_0
  - lerc=3.0=hd77b12b_0
  - libdeflate=1.17=h2bbff1b_1
  - libffi=3.4.4=hd77b12b_1
  - libkrb5=1.21.3=h885b0b7_4
  - libpng=1.6.39=h8cc25b3_0
  - libpq=17.4=h4a159e6_2
  - libtiff=4.5.1=hd77b12b_0
  - libwebp-base=1.3.2=h3d04722_1
  - lz4-c=1.9.4=h2bbff1b_1
  - matplotlib=3.10.0=py312haa95532_0
  - matplotlib-base=3.10.0=py312he19b0ae_0
  - mkl=2023.1.0=h6b88ed4_46358
  - mkl-service=2.4.0=py312h827c3e9_2
  - mkl_fft=1.3.11=py312h827c3e9_0
  - mkl_random=1.2.8=py312h0158946_0
  - numexpr=2.11.0=py312hdb065b2_0
  - numpy=2.0.1=py312hfd52020_1
  - numpy-base=2.0.1=py312h4dde369_1
  - openjpeg=2.5.2=hae555c5_0
  - openssl=3.0.17=h35632f6_0
  - packaging=25.0=py312haa95532_0
  - pandas=2.3.1=py312h885b0b7_0
  - pillow=11.1.0=py312h096bfcc_0
  - pip=25.1=pyhc872135_2
  - pyparsing=3.2.0=py312haa95532_0
  - pyqt=6.7.1=py312h378bd72_2
  - pyqt6-sip=13.9.1=py312h02ab6af_2
  - python=3.12.11=h716150d_0
  - python-dateutil=2.9.0post0=py312haa95532_2
  - python-tzdata=2025.2=pyhd3eb1b0_0
  - pytz=2025.2=py312haa95532_0
  - qtbase=6.7.3=hd088775_4
  - qtdeclarative=6.7.3=h885b0b7_1
  - qtsvg=6.7.3=h9d4b640_1
  - qttools=6.7.3=hcb596f7_1
  - qtwebchannel=6.7.3=h885b0b7_1
  - qtwebsockets=6.7.3=h885b0b7_1
  - setuptools=78.1.1=py312haa95532_0
  - sip=6.10.0=py312h5da7b33_0
  - six=1.17.0=py312haa95532_0
  - sqlite=3.50.2=hda9a48d_1
  - tbb=2021.8.0=h59b6b97_0
  - tk=8.6.15=hf199647_0
  - tornado=6.5.1=py312h827c3e9_0
  - tqdm=4.67.1=py312hfc267ef_0
  - tzdata=2025b=h04d1e81_0
  - ucrt=10.0.22621.0=haa95532_0
  - unicodedata2=15.1.0=py312h827c3e9_1
  - vc=14.3=h2df5915_10
  - vc14_runtime=14.44.35208=h4927774_10
  - vs2015_runtime=14.44.35208=ha6b5a95_10
  - wheel=0.45.1=py312haa95532_0
  - xz=5.6.4=h4754444_1
  - zlib=1.2.13=h8cc25b3_1
  - zstd=1.5.6=h8880b57_0
  - pip:
      - absl-py==2.3.1
      - click==8.2.1
      - filelock==3.13.1
      - fsspec==2024.6.1
      - grpcio==1.74.0
      - jieba==0.42.1
      - jinja2==3.1.4
      - joblib==1.5.1
      - markdown==3.8.2
      - markupsafe==2.1.5
      - mpmath==1.3.0
      - networkx==3.3
      - nltk==3.9.1
      - protobuf==6.32.0
      - regex==2025.7.34
      - scikit-learn==1.7.1
      - scipy==1.16.1
      - sympy==1.13.1
      - tensorboard==2.20.0
      - tensorboard-data-server==0.7.2
      - threadpoolctl==3.6.0
      - torch==2.6.0+cu118
      - torchaudio==2.6.0+cu118
      - torchvision==0.21.0+cu118
      - typing-extensions==4.12.2
      - werkzeug==3.1.3
prefix: F:\anaconda3\envs\translation-seq2seq
